1
1
0.9975
0.992513
0.985056
0.975156
0.962842
0.948153
0.931129
0.911821
0.890281
0.866569
0.84075
0.812894
0.783075
0.751373
0.717871
0.682659
0.645829
0.607475
0.567699
0.526603
0.484294
0.440879
0.396471
0.351183
0.305129
0.258429
0.211198
0.163558
0.115628
0.0675294
0.0193817
-0.0286941
-0.0765779
-0.124151
-0.171294
-0.217891
-0.263827
-0.308989
-0.353265
-0.396548
-0.438731
-0.479711
-0.51939
-0.557671
-0.594462
-0.629676
-0.663227
-0.695036
-0.725027
-0.753132
-0.779283
-0.803421
-0.825489
-0.845439
-0.863226
-0.87881
-0.892157
-0.903242
-0.91204
-0.918536
-0.92272
-0.924586
-0.924136
-0.921377
-0.916322
-0.908988
-0.8994
-0.887588
-0.873586
-0.857435
-0.839181
-0.818875
-0.796572
-0.772334
-0.746225
-0.718316
-0.688681
-0.657399
-0.624551
-0.590224
-0.554507
-0.517493
-0.479278
-0.439961
-0.399641
-0.358424
-0.316413
-0.273717
-0.230442
-0.1867
-0.142601
-0.0982551
-0.0537746
-0.00927086
0.0351448
0.0793616
0.123269
0.166759
0.209723
0.252056
0.293653
0.334411
0.374232
0.413017
0.450673
0.487108
0.522234
0.555967
0.588225
0.618933
0.648016
0.675406
0.70104
0.724857
0.746802
0.766825
0.784881
0.80093
0.814936
0.82687
0.836707
0.844428
0.850018
0.853469
0.854778
0.853947
0.850983
0.845899
0.838713
0.829448
0.818132
0.8048
0.789488
0.772242
0.753108
0.732139
0.709392
0.684928
0.658814
0.631117
0.601912
0.571275
0.539287
0.50603
0.471592
0.43606
0.399528
0.362087
0.323835
0.28487
0.245289
0.205194
0.164687
0.123868
0.0828428
0.0417126
0.000580888
-0.0404494
-0.081276
-0.121797
-0.161913
-0.201523
-0.240531
-0.27884
-0.316356
-0.352987
-0.388644
-0.423241
-0.456693
-0.488919
-0.519843
-0.549389
-0.577489
-0.604074
-0.629083
-0.652456
-0.67414
-0.694085
-0.712244
-0.728577
-0.743048
-0.755626
-0.766282
-0.774997
-0.781752
-0.786536
-0.789341
-0.790166
-0.789014
-0.785892
-0.780813
-0.773795
-0.76486
-0.754035
-0.741352
-0.726847
-0.710562
-0.69254
-0.672833
-0.651493
-0.628577
-0.604147
-0.578268
-0.551008
-0.522438
-0.492634
-0.461673
-0.429635
-0.396603
-0.362662
-0.327899
-0.292403
-0.256266
-0.219577
-0.182432
-0.144923
-0.107146
-0.0691956
-0.031167
0.00684458
0.044744
0.0824368
0.119829
0.156829
0.193343
0.229284
0.264561
0.299088
0.332782
0.365559
0.397341
0.428049
0.457611
0.485955
0.513013
0.538721
0.563018
0.585846
0.607153
0.626889
0.645008
0.661469
0.676236
0.689275
0.700558
0.710062
0.717766
0.723657
0.727725
0.729962
0.730369
0.72895
0.725711
0.720666
0.713832
0.705231
0.694888
0.682834
0.669103
0.653733
0.636768
0.618253
0.598238
0.576778
0.55393
0.529754
0.504314
0.477677
0.449912
0.421092
0.391292
0.360587
0.329058
0.296785
0.263851
0.230339
0.196335
0.161926
0.127198
0.0922383
0.0571357
0.021978
-0.0131468
-0.0481509
-0.0829471
-0.117449
-0.151571
-0.185229
-0.218339
-0.250821
-0.282595
-0.313582
-0.343709
-0.3729
-0.401087
-0.4282
-0.454175
-0.47895
-0.502465
-0.524665
-0.545499
-0.564916
-0.582872
-0.599327
-0.614242
-0.627584
-0.639324
-0.649436
-0.657899
-0.664697
-0.669815
-0.673247
-0.674986
-0.675034
-0.673394
-0.670075
-0.665089
-0.658452
-0.650186
-0.640315
-0.628869
-0.615878
-0.60138
-0.585415
-0.568027
-0.549262
-0.529171
-0.507806
-0.485226
-0.46149
-0.436658
-0.410798
-0.383975
-0.356259
-0.327721
-0.298436
-0.268478
-0.237924
-0.206851
-0.175339
-0.143467
-0.111316
-0.0789671
-0.0465018
-0.0140014
0.0184528
0.0507797
0.0828988
0.11473
0.146196
0.177217
0.207717
0.237622
0.266858
0.295354
0.32304
0.349849
0.375717
0.400581
0.424381
0.447061
0.468566
0.488846
0.507854
0.525544
0.541876
0.556813
0.57032
0.582368
0.592929
0.601982
0.609507
0.61549
0.619919
0.622787
0.624091
0.623832
0.622014
0.618645
0.613738
0.607309
0.599377
0.589967
0.579106
0.566824
0.553156
0.538139
0.521814
0.504225
0.48542
0.465448
0.444363
0.422219
0.399076
0.374992
0.350031
0.324258
0.297738
0.27054
0.242734
0.214391
0.185582
0.156381
0.126863
0.0971012
0.067171
0.0371477
0.00710662
-0.0228771
-0.0527287
-0.0823739
-0.111739
-0.140751
-0.169339
-0.197432
-0.224962
-0.25186
-0.278061
-0.303501
-0.32812
-0.351856
-0.374653
-0.396457
-0.417215
-0.436878
-0.4554
-0.472737
-0.488849
-0.503698
-0.517251
-0.529477
-0.540349
-0.549843
-0.557938
-0.564618
-0.56987
-0.573684
-0.576055
-0.576979
-0.576459
-0.574499
-0.571107
-0.566296
-0.560082
-0.552483
-0.543521
-0.533223
-0.521618
-0.508738
-0.494618
-0.479297
-0.462816
-0.445219
-0.426553
-0.406868
-0.386214
-0.364647
-0.342222
-0.318997
-0.295033
-0.270391
-0.245135
-0.219329
-0.19304
-0.166333
-0.139278
-0.111941
-0.0843937
-0.056704
-0.0289417
-0.00117641
0.0265224
0.0540856
0.0814447
0.108532
0.13528
0.161623
0.187496
0.212836
0.23758
0.261668
0.285042
0.307645
0.329422
0.350322
0.370293
0.389289
0.407264
0.424175
0.439984
0.454654
0.46815
0.480443
0.491503
0.501307
0.509833
0.517063
0.522983
0.52758
0.530847
0.532779
0.533373
0.532633
0.530563
0.527172
0.522472
0.516477
0.509205
0.500679
0.490923
0.479964
0.467832
0.454561
0.440186
0.424748
0.408285
0.390844
0.372469
0.353208
0.333113
0.312235
0.290629
0.26835
0.245456
0.222006
0.198059
0.173677
0.148922
0.123856
0.0985435
0.0730477
0.0474331
0.021764
-0.00389544
-0.0294809
-0.0549288
-0.0801757
-0.105159
-0.129817
-0.154089
-0.177915
-0.201236
-0.223996
-0.24614
-0.267612
-0.288362
-0.308339
-0.327495
-0.345785
-0.363165
-0.379593
-0.395031
-0.409443
-0.422795
-0.435057
-0.4462
-0.4562
-0.465035
-0.472685
-0.479134
-0.48437
-0.488381
-0.491161
-0.492706
-0.493016
-0.492093
-0.489941
-0.48657
-0.481991
-0.476219
-0.46927
-0.461166
-0.451929
-0.441585
-0.430163
-0.417694
-0.404213
-0.389754
-0.374357
-0.358063
-0.340914
-0.322956
-0.304235
-0.284801
-0.264703
-0.243994
-0.222726
-0.200955
-0.178736
-0.156126
-0.133181
-0.109962
-0.086525
-0.0629306
-0.0392379
-0.0155063
0.0082047
0.0318359
0.0553285
0.078624
0.101665
0.124394
0.146755
0.168693
0.190155
0.211088
0.23144
0.251164
0.27021
0.288532
0.306088
0.322835
0.338732
0.353743
0.367833
0.380967
0.393116
0.404252
0.414349
0.423386
0.431341
0.438198
0.443943
0.448563
0.45205
0.454399
0.455605
0.45567
0.454595
0.452386
0.449052
0.444604
0.439055
0.432422
0.424726
0.415986
0.406228
0.395479
0.383769
0.371128
0.357591
0.343194
0.327975
0.311974
0.295233
0.277795
0.259707
0.241015
0.221767
0.202013
0.181803
0.161189
0.140224
0.11896
0.0974526
0.075755
0.0539223
0.0320093
0.0100711
-0.0118374
-0.0336615
-0.055347
-0.0768398
-0.0980868
-0.119036
-0.139634
-0.159832
-0.17958
-0.19883
-0.217535
-0.235649
-0.253128
-0.269931
-0.286017
-0.301348
-0.315888
-0.329601
-0.342456
-0.354422
-0.365473
-0.375582
-0.384727
-0.392888
-0.400046
-0.406185
-0.411294
-0.415362
-0.418382
-0.420348
-0.421258
-0.421112
-0.419915
-0.41767
-0.414387
-0.410076
-0.404751
-0.398427
-0.391123
-0.382859
-0.373659
-0.363548
-0.352553
-0.340704
-0.328033
-0.314574
-0.300362
-0.285435
-0.269831
-0.253592
-0.236759
-0.219376
-0.201489
-0.183142
-0.164384
-0.145261
-0.125823
-0.10612
-0.0861997
-0.0661141
-0.0459134
-0.0256485
-0.00537009
0.014871
0.0350244
0.0550398
0.0748676
0.0944586
0.113765
0.132738
0.151332
0.169501
0.187201
0.204389
0.221022
0.237062
0.252469
0.267206
0.281238
0.294533
0.307057
0.318783
0.329682
0.33973
0.348903
0.357182
0.364546
0.370981
0.376473
0.381009
0.384581
0.387184
0.388811
0.389463
0.389139
0.387843
0.385581
0.382361
0.378193
0.373089
0.367066
0.36014
0.352331
0.343661
0.334153
0.323834
0.312731
0.300874
0.288294
0.275025
0.261102
0.24656
0.231439
0.215777
0.199614
0.182993
0.165956
0.148547
0.13081
0.11279
0.0945329
0.0760855
0.0574939
0.0388051
0.020066
0.00132357
-0.0173753
-0.035984
-0.0544562
-0.0727461
-0.0908084
-0.108599
-0.126073
-0.143188
-0.159902
-0.176175
-0.191967
-0.20724
-0.221956
-0.23608
-0.249579
-0.262421
-0.274574
-0.28601
-0.296703
-0.306627
-0.31576
-0.324081
-0.33157
-0.338212
-0.343992
-0.348897
-0.352918
-0.356047
-0.358277
-0.359607
-0.360034
-0.359559
-0.358188
-0.355924
-0.352776
-0.348753
-0.343869
-0.338138
-0.331576
-0.324201
-0.316034
-0.307097
-0.297415
-0.287013
-0.27592
-0.264165
-0.251779
-0.238795
-0.225246
-0.211167
-0.196596
-0.18157
-0.166128
-0.150309
-0.134153
-0.117703
-0.100999
-0.084085
-0.0670028
-0.0497958
-0.0325073
-0.0151808
0.00214036
0.0194129
0.0365936
0.05364
0.0705096
0.0871608
0.103552
0.119644
0.135397
0.150771
0.16573
0.180238
0.194259
0.207759
0.220705
0.233068
0.244817
0.255925
0.266365
0.276113
0.285146
0.293444
0.300988
0.30776
0.313746
0.318933
0.323309
0.326866
0.329597
0.331497
0.332564
0.332797
0.332197
0.330768
0.328516
0.325448
0.321574
0.316906
0.311457
0.305243
0.298282
0.290593
0.282196
0.273114
0.263373
0.252997
0.242015
0.230456
0.218349
0.205726
0.192621
0.179067
0.165099
0.150753
0.136067
0.121077
0.105821
0.0903395
0.0746706
0.0588541
0.0429301
0.0269386
0.0109198
-0.00508638
-0.0210398
-0.0369007
-0.0526297
-0.0681878
-0.0835366
-0.0986381
-0.113455
-0.127952
-0.142092
-0.155842
-0.169168
-0.182037
-0.19442
-0.206285
-0.217605
-0.228353
-0.238503
-0.248031
-0.256915
-0.265135
-0.272671
-0.279507
-0.285627
-0.291018
-0.295668
-0.299567
-0.302707
-0.305083
-0.30669
-0.307526
-0.307591
-0.306887
-0.305418
-0.303189
-0.300207
-0.296483
-0.292026
-0.286851
-0.280971
-0.274404
-0.267167
-0.25928
-0.250765
-0.241644
-0.231942
-0.221684
-0.210898
-0.199611
-0.187854
-0.175656
-0.16305
-0.150067
-0.136742
-0.123108
-0.109201
-0.0950555
-0.0807076
-0.0661939
-0.0515509
-0.0368156
-0.0220252
-0.00721665
0.0075729
0.0223066
0.0369476
0.0514597
0.0658068
0.0799536
0.0938651
0.107507
0.120846
0.13385
0.146487
0.158726
0.170537
0.181892
0.192765
0.203128
0.212958
0.22223
0.230924
0.239019
0.246496
0.253338
0.25953
0.265057
0.269908
