0
0.05
0.1
0.15
0.2
0.25
0.3
0.35
0.4
0.45
0.5
0.55
0.6
0.65
0.7
0.75
0.8
0.85
0.9
0.95
1
1.05
1.1
1.15
1.2
1.25
1.3
1.35
1.4
1.45
1.5
1.55
1.6
1.65
1.7
1.75
1.8
1.85
1.9
1.95
2
2.05
2.1
2.15
2.2
2.25
2.3
2.35
2.4
2.45
2.5
2.55
2.6
2.65
2.7
2.75
2.8
2.85
2.9
2.95
3
3.05
3.1
3.15
3.2
3.25
3.3
3.35
3.4
3.45
3.5
3.55
3.6
3.65
3.7
3.75
3.8
3.85
3.9
3.95
4
4.05
4.1
4.15
4.2
4.25
4.3
4.35
4.4
4.45
4.5
4.55
4.6
4.65
4.7
4.75
4.8
4.85
4.9
4.95
5
5.05
5.1
5.15
5.2
5.25
5.3
5.35
5.4
5.45
5.5
5.55
5.6
5.65
5.7
5.75
5.8
5.85
5.9
5.95
6
6.05
6.10001
6.15001
6.20001
6.25001
6.30001
6.35001
6.40001
6.45001
6.50001
6.55001
6.60001
6.65001
6.70001
6.75001
6.80001
6.85001
6.90001
6.95001
7.00001
7.05001
7.10001
7.15001
7.20001
7.25001
7.30001
7.35001
7.40001
7.45001
7.50001
7.55001
7.60001
7.65001
7.70001
7.75001
7.80001
7.85001
7.90001
7.95001
8.00001
8.05001
8.10001
8.15001
8.20001
8.25001
8.30001
8.35001
8.40001
8.45001
8.50001
8.55001
8.60001
8.65001
8.70002
8.75002
8.80002
8.85002
8.90002
8.95002
9.00002
9.05002
9.10002
9.15002
9.20002
9.25002
9.30002
9.35002
9.40002
9.45002
9.50002
9.55002
9.60002
9.65002
9.70002
9.75002
9.80002
9.85002
9.90002
9.95002
10
10.05
10.1
10.15
10.2
10.25
10.3
10.35
10.4
10.45
10.5
10.55
10.6
10.65
10.7
10.75
10.8
10.85
10.9
10.95
11
11.05
11.1
11.15
11.2
11.25
11.3
11.35
11.4
11.45
11.5
11.55
11.6
11.65
11.7
11.75
11.8
11.85
11.9
11.95
12
12.05
12.1
12.15
12.2
12.25
12.3
12.35
12.4
12.45
12.5
12.55
12.6
12.65
12.7
12.75
12.8
12.85
12.9
12.95
13
13.05
13.1
13.15
13.2
13.25
13.3
13.35
13.4
13.45
13.5
13.55
13.6
13.65
13.7
13.75
13.8
13.85
13.9
13.95
14
14.05
14.1
14.15
14.2
14.25
14.3
14.35
14.4
14.45
14.5
14.55
14.6
14.65
14.7
14.75
14.8
14.85
14.9
14.95
15
15.05
15.1
15.15
15.2
15.25
15.3
15.35
15.4
15.45
15.5
15.55
15.6
15.65
15.7
15.75
15.8
15.85
15.9
15.95
16
16.05
16.1
16.15
16.2
16.25
16.3
16.35
16.4
16.45
16.5
16.55
16.6
16.65
16.7
16.75
16.8
16.85
16.9
16.95
17
17.05
17.1
17.15
17.2
17.25
17.3
17.35
17.4
17.45
17.5
17.55
17.6
17.65
17.7
17.75
17.8
17.85
17.9
17.95
18
18.05
18.1
18.15
18.2
18.25
18.3
18.35
18.4
18.45
18.5
18.55
18.6
18.65
18.7
18.75
18.8
18.85
18.9
18.95
19
19.05
19.1
19.15
19.2
19.25
19.3
19.35
19.4
19.45
19.5
19.55
19.6
19.65
19.7
19.75
19.8
19.85
19.9
19.95
20
20.05
20.1
20.15
20.2
20.25
20.3
20.35
20.4
20.45
20.5
20.55
20.6
20.65
20.7
20.75
20.8
20.85
20.9
20.95
21
21.05
21.1
21.15
21.2
21.25
21.3
21.35
21.4
21.45
21.5
21.55
21.6
21.65
21.7
21.75
21.8
21.85
21.9
21.95
22
22.0499
22.0999
22.1499
22.1999
22.2499
22.2999
22.3499
22.3999
22.4499
22.4999
22.5499
22.5999
22.6499
22.6999
22.7499
22.7999
22.8499
22.8999
22.9499
22.9999
23.0499
23.0999
23.1499
23.1999
23.2499
23.2999
23.3499
23.3999
23.4499
23.4999
23.5499
23.5999
23.6499
23.6999
23.7499
23.7999
23.8499
23.8999
23.9499
23.9999
24.0499
24.0999
24.1499
24.1999
24.2499
24.2999
24.3499
24.3999
24.4499
24.4999
24.5499
24.5999
24.6499
24.6999
24.7499
24.7999
24.8499
24.8999
24.9499
24.9999
25.0499
25.0999
25.1499
25.1999
25.2499
25.2999
25.3499
25.3999
25.4499
25.4999
25.5499
25.5999
25.6499
25.6999
25.7499
25.7999
25.8499
25.8999
25.9499
25.9999
26.0499
26.0999
26.1499
26.1999
26.2499
26.2999
26.3499
26.3999
26.4499
26.4999
26.5499
26.5999
26.6499
26.6999
26.7499
26.7999
26.8499
26.8999
26.9499
26.9999
27.0499
27.0999
27.1499
27.1999
27.2499
27.2999
27.3499
27.3999
27.4499
27.4999
27.5499
27.5999
27.6499
27.6999
27.7499
27.7999
27.8499
27.8999
27.9499
27.9999
28.0499
28.0999
28.1499
28.1999
28.2499
28.2999
28.3499
28.3999
28.4499
28.4999
28.5499
28.5998
28.6498
28.6998
28.7498
28.7998
28.8498
28.8998
28.9498
28.9998
29.0498
29.0998
29.1498
29.1998
29.2498
29.2998
29.3498
29.3998
29.4498
29.4998
29.5498
29.5998
29.6498
29.6998
29.7498
29.7998
29.8498
29.8998
29.9498
29.9998
30.0498
30.0998
30.1498
30.1998
30.2498
30.2998
30.3498
30.3998
30.4498
30.4998
30.5498
30.5998
30.6498
30.6998
30.7498
30.7998
30.8498
30.8998
30.9498
30.9998
31.0498
31.0998
31.1498
31.1998
31.2498
31.2998
31.3498
31.3998
31.4498
31.4998
31.5498
31.5998
31.6498
31.6998
31.7498
31.7998
31.8498
31.8998
31.9498
31.9998
32.0498
32.0998
32.1498
32.1998
32.2498
32.2998
32.3498
32.3998
32.4498
32.4998
32.5498
32.5998
32.6498
32.6998
32.7498
32.7998
32.8498
32.8998
32.9498
32.9998
33.0498
33.0998
33.1498
33.1998
33.2498
33.2998
33.3498
33.3998
33.4498
33.4998
33.5498
33.5998
33.6498
33.6998
33.7498
33.7998
33.8498
33.8998
33.9498
33.9998
34.0498
34.0998
34.1498
34.1998
34.2498
34.2998
34.3498
34.3998
34.4498
34.4998
34.5498
34.5998
34.6498
34.6998
34.7498
34.7998
34.8498
34.8998
34.9498
34.9998
35.0498
35.0998
35.1497
35.1997
35.2497
35.2997
35.3497
35.3997
35.4497
35.4997
35.5497
35.5997
35.6497
35.6997
35.7497
35.7997
35.8497
35.8997
35.9497
35.9997
36.0497
36.0997
36.1497
36.1997
36.2497
36.2997
36.3497
36.3997
36.4497
36.4997
36.5497
36.5997
36.6497
36.6997
36.7497
36.7997
36.8497
36.8997
36.9497
36.9997
37.0497
37.0997
37.1497
37.1997
37.2497
37.2997
37.3497
37.3997
37.4497
37.4997
37.5497
37.5997
37.6497
37.6997
37.7497
37.7997
37.8497
37.8997
37.9497
37.9997
38.0497
38.0997
38.1497
38.1997
38.2497
38.2997
38.3497
38.3997
38.4497
38.4997
38.5497
38.5997
38.6497
38.6997
38.7497
38.7997
38.8497
38.8997
38.9497
38.9997
39.0497
39.0997
39.1497
39.1997
39.2497
39.2997
39.3497
39.3997
39.4497
39.4997
39.5497
39.5997
39.6497
39.6997
39.7497
39.7997
39.8497
39.8997
39.9497
39.9997
40.0497
40.0997
40.1497
40.1997
40.2497
40.2997
40.3497
40.3997
40.4497
40.4997
40.5497
40.5997
40.6497
40.6997
40.7497
40.7997
40.8497
40.8997
40.9497
40.9997
41.0497
41.0997
41.1497
41.1997
41.2497
41.2997
41.3497
41.3997
41.4497
41.4997
41.5497
41.5997
41.6497
41.6996
41.7496
41.7996
41.8496
41.8996
41.9496
41.9996
42.0496
42.0996
42.1496
42.1996
42.2496
42.2996
42.3496
42.3996
42.4496
42.4996
42.5496
42.5996
42.6496
42.6996
42.7496
42.7996
42.8496
42.8996
42.9496
42.9996
43.0496
43.0996
43.1496
43.1996
43.2496
43.2996
43.3496
43.3996
43.4496
43.4996
43.5496
43.5996
43.6496
43.6996
43.7496
43.7996
43.8496
43.8996
43.9496
43.9996
44.0496
44.0996
44.1496
44.1996
44.2496
44.2996
44.3496
44.3996
44.4496
44.4996
44.5496
44.5996
44.6496
44.6996
44.7496
44.7996
44.8496
44.8996
44.9496
44.9996
45.0496
45.0996
45.1496
45.1996
45.2496
45.2996
45.3496
45.3996
45.4496
45.4996
45.5496
45.5996
45.6496
45.6996
45.7496
45.7996
45.8496
45.8996
45.9496
45.9996
46.0496
46.0996
46.1496
46.1996
46.2496
46.2996
46.3496
46.3996
46.4496
46.4996
46.5496
46.5996
46.6496
46.6996
46.7496
46.7996
46.8496
46.8996
46.9496
46.9996
47.0496
47.0996
47.1496
47.1996
47.2496
47.2996
47.3496
47.3996
47.4496
47.4996
47.5496
47.5996
47.6496
47.6996
47.7496
47.7996
47.8496
47.8996
47.9496
47.9996
48.0496
48.0996
48.1496
48.1996
48.2495
48.2995
48.3495
48.3995
48.4495
48.4995
48.5495
48.5995
48.6495
48.6995
48.7495
48.7995
48.8495
48.8995
48.9495
48.9995
49.0495
49.0995
49.1495
49.1995
49.2495
49.2995
49.3495
49.3995
49.4495
49.4995
49.5495
49.5995
49.6495
49.6995
49.7495
49.7995
49.8495
49.8995
49.9495
